,gene_id,cluster,gene_name
0,ENSG00000002587,K4&K9&ATAC,HS3ST1
1,ENSG00000003436,K4&ATAC,TFPI
2,ENSG00000004948,strong K4,CALCR
3,ENSG00000005421,weak K4,PON1
4,ENSG00000006016,K27,CRLF1
5,ENSG00000006128,K4&K27&ATAC,TAC1
6,ENSG00000006210,ATAC,CX3CL1
7,ENSG00000006555,weak K4,TTC22
8,ENSG00000006638,ATAC,TBXA2R
9,ENSG00000006659,origin,LGALS14
10,ENSG00000007312,origin,CD79B
11,ENSG00000007372,K27,PAX6
12,ENSG00000008226,ATAC,DLEC1
13,ENSG00000009709,K4&K27&ATAC,PAX7
14,ENSG00000010327,K4&ATAC,STAB1
15,ENSG00000010438,weak K4,PRSS3
16,ENSG00000012223,weak K4,LTF
17,ENSG00000013293,K4&ATAC,SLC7A14
18,ENSG00000013588,strong K4,GPRC5A
19,ENSG00000015413,ATAC,DPEP1
20,ENSG00000018625,ATAC,ATP1A2
21,ENSG00000020181,K27,ADGRA2
22,ENSG00000022355,strong K4,GABRA1
23,ENSG00000022556,origin,NLRP2
24,ENSG00000026025,K4&K27&ATAC,VIM
25,ENSG00000041515,origin,MYO16
26,ENSG00000047662,strong K4,FAM184B
27,ENSG00000053438,K4&K27,NNAT
28,ENSG00000054598,K27,FOXC1
29,ENSG00000055732,anti-ATAC,MCOLN3
30,ENSG00000057593,weak K4,F7
31,ENSG00000064042,origin,LIMCH1
32,ENSG00000065320,strong K4,NTN1
33,ENSG00000066056,origin,TIE1
34,ENSG00000069812,K27,HES2
35,ENSG00000072818,ATAC,ACAP1
36,ENSG00000074410,strong K4,CA12
37,ENSG00000075290,K27,WNT8B
38,ENSG00000075388,K27,FGF4
39,ENSG00000077080,weak K4,ACTL6B
40,ENSG00000081051,K27,AFP
41,ENSG00000081277,weak K4,PKP1
42,ENSG00000081842,strong K4,PCDHA6
43,ENSG00000085276,strong K4,MECOM
44,ENSG00000086570,ATAC,FAT2
45,ENSG00000087510,K4&K27&ATAC,TFAP2C
46,ENSG00000089116,K4&K27,LHX5
47,ENSG00000089225,strong K4,TBX5
48,ENSG00000092607,K4&K27,TBX15
49,ENSG00000095587,weak K4,TLL2
50,ENSG00000095596,K27,CYP26A1
51,ENSG00000095932,weak K4,SMIM24
52,ENSG00000099994,origin,SUSD2
53,ENSG00000100031,origin,GGT1
54,ENSG00000100060,ATAC,MFNG
55,ENSG00000100095,anti-ATAC,SEZ6L
56,ENSG00000100122,origin,CRYBB1
57,ENSG00000100156,weak K4,SLC16A8
58,ENSG00000100298,anti-ATAC,APOBEC3H
59,ENSG00000100302,ATAC,RASD2
60,ENSG00000100385,origin,IL2RB
61,ENSG00000100558,K4&ATAC,PLEK2
62,ENSG00000100604,anti-ATAC,CHGA
63,ENSG00000100678,weak K4,SLC8A3
64,ENSG00000100721,ATAC,TCL1A
65,ENSG00000100985,origin,MMP9
66,ENSG00000101188,ATAC,NTSR1
67,ENSG00000101194,K4&ATAC,SLC17A9
68,ENSG00000101280,ATAC,ANGPT4
69,ENSG00000101335,K4&ATAC,MYL9
70,ENSG00000101746,origin,NOL4
71,ENSG00000103175,origin,WFDC1
72,ENSG00000103184,origin,SEC14L5
73,ENSG00000103888,weak K4,CEMIP
74,ENSG00000104368,ATAC,PLAT
75,ENSG00000104435,K4&ATAC,STMN2
76,ENSG00000104518,origin,GSDMD
77,ENSG00000104783,origin,KCNN4
78,ENSG00000104899,K27,AMH
79,ENSG00000104967,K4&K27,NOVA2
80,ENSG00000105205,origin,CLC
81,ENSG00000105219,weak K4,CNTD2
82,ENSG00000105499,origin,PLA2G4C
83,ENSG00000105695,origin,MAG
84,ENSG00000105717,weak K4,PBX4
85,ENSG00000105974,anti-ATAC,CAV1
86,ENSG00000106013,K4&ATAC,ANKRD7
87,ENSG00000106018,strong K4,VIPR2
88,ENSG00000106341,origin,PPP1R17
89,ENSG00000106366,origin,SERPINE1
90,ENSG00000106511,anti-ATAC,MEOX2
91,ENSG00000106631,origin,MYL7
92,ENSG00000106785,origin,TRIM14
93,ENSG00000107014,origin,RLN2
94,ENSG00000107807,K4&K27,TLX1
95,ENSG00000107821,K27,KAZALD1
96,ENSG00000107831,K27,FGF8
97,ENSG00000108001,anti-ATAC,EBF3
98,ENSG00000108379,K27,WNT3
99,ENSG00000108557,K27,RAI1
100,ENSG00000108798,ATAC,ABI3
101,ENSG00000108821,ATAC,COL1A1
102,ENSG00000108950,anti-ATAC,FAM20A
103,ENSG00000109846,origin,CRYAB
104,ENSG00000110090,weak K4,CPT1A
105,ENSG00000111331,weak K4,OAS3
106,ENSG00000111424,origin,VDR
107,ENSG00000111432,K4&K27&ATAC,FZD10
108,ENSG00000111452,ATAC,ADGRD1
109,ENSG00000111799,strong K4,COL12A1
110,ENSG00000112041,weak K4,TULP1
111,ENSG00000112183,anti-ATAC,RBM24
112,ENSG00000112232,K4&ATAC,KHDRBS2
113,ENSG00000112246,K4&ATAC,SIM1
114,ENSG00000112619,origin,PRPH2
115,ENSG00000113209,K4&ATAC,PCDHB5
116,ENSG00000113361,weak K4,CDH6
117,ENSG00000113430,K27,IRX4
118,ENSG00000113532,anti-ATAC,ST8SIA4
119,ENSG00000113721,K4&ATAC,PDGFRB
120,ENSG00000114251,K27,WNT5A
121,ENSG00000114854,ATAC,TNNC1
122,ENSG00000115155,origin,OTOF
123,ENSG00000115318,K4&K27,LOXL3
124,ENSG00000115353,strong K4,TACR1
125,ENSG00000115461,anti-ATAC,IGFBP5
126,ENSG00000115507,K4&ATAC,OTX1
127,ENSG00000115828,ATAC,QPCT
128,ENSG00000116299,origin,KIAA1324
129,ENSG00000116791,K4&ATAC,CRYZ
130,ENSG00000116819,K27,TFAP2E
131,ENSG00000116833,K27,NR5A2
132,ENSG00000116983,K4&ATAC,HPCAL4
133,ENSG00000117148,origin,ACTL8
134,ENSG00000117598,weak K4,PLPPR5
135,ENSG00000117971,origin,CHRNB4
136,ENSG00000118004,weak K4,COLEC11
137,ENSG00000118194,ATAC,TNNT2
138,ENSG00000118231,ATAC,CRYGD
139,ENSG00000118322,origin,ATP10B
140,ENSG00000118473,origin,SGIP1
141,ENSG00000118523,strong K4,CTGF
142,ENSG00000118785,weak K4,SPP1
143,ENSG00000119042,K4&K27&ATAC,SATB2
144,ENSG00000119121,ATAC,TRPM6
145,ENSG00000119125,K4&ATAC,GDA
146,ENSG00000119242,strong K4,CCDC92
147,ENSG00000120156,ATAC,TEK
148,ENSG00000120322,anti-ATAC,PCDHB8
149,ENSG00000120328,origin,PCDHB12
150,ENSG00000120645,origin,IQSEC3
151,ENSG00000121454,K27,LHX4
152,ENSG00000122176,origin,FMOD
153,ENSG00000122691,strong K4,TWIST1
154,ENSG00000122756,K27,CNTFR
155,ENSG00000122859,K4&K27,NEUROG3
156,ENSG00000123146,weak K4,ADGRE5
157,ENSG00000123342,ATAC,MMP19
158,ENSG00000123454,origin,DBH
159,ENSG00000123689,strong K4,G0S2
160,ENSG00000123901,ATAC,GPR83
161,ENSG00000124092,origin,CTCFL
162,ENSG00000124134,K27,KCNS1
163,ENSG00000124143,K4&ATAC,ARHGAP40
164,ENSG00000124159,ATAC,MATN4
165,ENSG00000124391,K4&ATAC,IL17C
166,ENSG00000124813,origin,RUNX2
167,ENSG00000124839,strong K4,RAB17
168,ENSG00000124875,origin,CXCL6
169,ENSG00000125144,K4&K27&ATAC,MT1G
170,ENSG00000125148,K4&K27,MT2A
171,ENSG00000125285,K27,SOX21
172,ENSG00000125337,ATAC,KIF25
173,ENSG00000125414,ATAC,MYH2
174,ENSG00000125726,K27,CD70
175,ENSG00000125730,K4&K9&ATAC,C3
176,ENSG00000125798,K4&K27&ATAC,FOXA2
177,ENSG00000125878,K27,TCF15
178,ENSG00000126218,origin,F10
179,ENSG00000126709,origin,IFI6
180,ENSG00000127329,strong K4,PTPRB
181,ENSG00000127399,K4&ATAC,LRRC61
182,ENSG00000127831,ATAC,VIL1
183,ENSG00000127903,K4&ATAC,ZNF835
184,ENSG00000128604,K4&K27,IRF5
185,ENSG00000128610,K4&K27&ATAC,FEZF1
186,ENSG00000128683,strong K4,GAD1
187,ENSG00000129194,strong K4,SOX15
188,ENSG00000129204,K4&ATAC,USP6
189,ENSG00000129514,strong K4,FOXA1
190,ENSG00000129538,origin,RNASE1
191,ENSG00000129990,strong K4,SYT5
192,ENSG00000130038,origin,CRACR2A
193,ENSG00000130176,K4&ATAC,CNN1
194,ENSG00000130226,K4&K9&ATAC,DPP6
195,ENSG00000130368,origin,MAS1
196,ENSG00000130700,K27,GATA5
197,ENSG00000130997,ATAC,POLN
198,ENSG00000131203,weak K4,IDO1
199,ENSG00000131668,strong K4,BARX1
200,ENSG00000131746,origin,TNS4
201,ENSG00000131781,anti-ATAC,FMO5
202,ENSG00000131849,K4&ATAC,ZNF132
203,ENSG00000132000,origin,PODNL1
204,ENSG00000132297,origin,HHLA1
205,ENSG00000132718,origin,SYT11
206,ENSG00000132872,weak K4,SYT4
207,ENSG00000133107,weak K4,TRPC4
208,ENSG00000133110,origin,POSTN
209,ENSG00000133488,K4&ATAC,SEC14L4
210,ENSG00000133710,origin,SPINK5
211,ENSG00000133937,K4&K27,GSC
212,ENSG00000134121,ATAC,CHL1
213,ENSG00000134138,anti-ATAC,MEIS2
214,ENSG00000134184,K4&ATAC,GSTM1
215,ENSG00000134201,weak K4,GSTM5
216,ENSG00000134780,ATAC,DAGLA
217,ENSG00000134817,origin,APLNR
218,ENSG00000135046,ATAC,ANXA1
219,ENSG00000135111,ATAC,TBX3
220,ENSG00000135248,origin,FAM71F1
221,ENSG00000135318,origin,NT5E
222,ENSG00000135638,K4&K27&ATAC,EMX1
223,ENSG00000135697,origin,BCO1
224,ENSG00000135899,origin,SP110
225,ENSG00000136160,K4&ATAC,EDNRB
226,ENSG00000136167,anti-ATAC,LCP1
227,ENSG00000136305,K4&ATAC,CIDEB
228,ENSG00000136383,K4&ATAC,ALPK3
229,ENSG00000136750,weak K4,GAD2
230,ENSG00000136944,K4&K27,LMX1B
231,ENSG00000136960,K4&ATAC,ENPP2
232,ENSG00000136999,anti-ATAC,NOV
233,ENSG00000137078,weak K4,SIT1
234,ENSG00000137331,weak K4,IER3
235,ENSG00000137474,K4&ATAC,MYO7A
236,ENSG00000137486,weak K4,ARRB1
237,ENSG00000137501,strong K4,SYTL2
238,ENSG00000137672,origin,TRPC6
239,ENSG00000138080,ATAC,EMILIN1
240,ENSG00000138083,K4&K27&ATAC,SIX3
241,ENSG00000138119,origin,MYOF
242,ENSG00000138161,origin,CUZD1
243,ENSG00000138172,K4&ATAC,CALHM2
244,ENSG00000138311,ATAC,ZNF365
245,ENSG00000138639,anti-ATAC,ARHGAP24
246,ENSG00000138678,anti-ATAC,GPAT3
247,ENSG00000138964,origin,PARVG
248,ENSG00000139209,strong K4,SLC38A4
249,ENSG00000139219,strong K4,COL2A1
250,ENSG00000139269,K4&ATAC,INHBE
251,ENSG00000139292,weak K4,LGR5
252,ENSG00000140368,weak K4,PSTPIP1
253,ENSG00000140403,weak K4,DNAJA4
254,ENSG00000140836,origin,ZFHX3
255,ENSG00000141096,ATAC,DPEP3
256,ENSG00000141449,strong K4,GREB1L
257,ENSG00000141968,K4&K9&ATAC,VAV1
258,ENSG00000142178,origin,SIK1
259,ENSG00000142185,weak K4,TRPM2
260,ENSG00000142347,origin,MYO1F
261,ENSG00000142405,origin,NLRP12
262,ENSG00000142611,strong K4,PRDM16
263,ENSG00000143248,ATAC,RGS5
264,ENSG00000143297,origin,FCRL5
265,ENSG00000143365,origin,RORC
266,ENSG00000143499,K4&K27,SMYD2
267,ENSG00000143632,K4&ATAC,ACTA1
268,ENSG00000143768,origin,LEFTY2
269,ENSG00000143869,K27,GDF7
270,ENSG00000144410,origin,CPO
271,ENSG00000144488,origin,ESPNL
272,ENSG00000144619,K4&K9&ATAC,CNTN4
273,ENSG00000144810,strong K4,COL8A1
274,ENSG00000145002,origin,FAM86B2
275,ENSG00000145113,weak K4,MUC4
276,ENSG00000145192,origin,AHSG
277,ENSG00000145284,anti-ATAC,SCD5
278,ENSG00000145681,K4&ATAC,HAPLN1
279,ENSG00000145692,ATAC,BHMT
280,ENSG00000145864,strong K4,GABRB2
281,ENSG00000145920,origin,CPLX2
282,ENSG00000145936,ATAC,KCNMB1
283,ENSG00000146197,K4&K27&ATAC,SCUBE3
284,ENSG00000146592,origin,CREB5
285,ENSG00000146833,K4&ATAC,TRIM4
286,ENSG00000147481,strong K4,SNTG1
287,ENSG00000147509,anti-ATAC,RGS20
288,ENSG00000147613,origin,PSKH2
289,ENSG00000147655,weak K4,RSPO2
290,ENSG00000147804,weak K4,SLC39A4
291,ENSG00000147813,K4&ATAC,NAPRT
292,ENSG00000147869,K4&K27&ATAC,CER1
293,ENSG00000147889,strong K4,CDKN2A
294,ENSG00000148826,K27,NKX6-2
295,ENSG00000149591,K4&ATAC,TAGLN
296,ENSG00000149596,weak K4,JPH2
297,ENSG00000150275,weak K4,PCDH15
298,ENSG00000150551,K4&ATAC,LYPD1
299,ENSG00000150625,anti-ATAC,GPM6A
300,ENSG00000151224,ATAC,MAT1A
301,ENSG00000151322,K4&ATAC,NPAS3
302,ENSG00000151650,K4&K27&ATAC,VENTX
303,ENSG00000151702,anti-ATAC,FLI1
304,ENSG00000151834,weak K4,GABRA2
305,ENSG00000151948,K4&K9&ATAC,GLT1D1
306,ENSG00000151952,K4&K9&ATAC,TMEM132D
307,ENSG00000151962,weak K4,RBM46
308,ENSG00000152213,ATAC,ARL11
309,ENSG00000152779,strong K4,SLC16A12
310,ENSG00000152804,K27,HHEX
311,ENSG00000152977,K4&K27&ATAC,ZIC1
312,ENSG00000153303,ATAC,FRMD1
313,ENSG00000153446,ATAC,C16orf89
314,ENSG00000153902,anti-ATAC,LGI4
315,ENSG00000154016,origin,GRAP
316,ENSG00000154146,K4&K27,NRGN
317,ENSG00000154529,weak K4,CNTNAP3B
318,ENSG00000154553,weak K4,PDLIM3
319,ENSG00000154856,K4&K27&ATAC,APCDD1
320,ENSG00000154975,ATAC,CA10
321,ENSG00000155093,K4&K9&ATAC,PTPRN2
322,ENSG00000155307,origin,SAMSN1
323,ENSG00000155511,ATAC,GRIA1
324,ENSG00000155657,origin,TTN
325,ENSG00000156006,origin,NAT2
326,ENSG00000156076,ATAC,WIF1
327,ENSG00000156253,K4&ATAC,RWDD2B
328,ENSG00000156574,ATAC,NODAL
329,ENSG00000157554,weak K4,ERG
330,ENSG00000157654,ATAC,PALM2-AKAP2
331,ENSG00000157765,K4&ATAC,SLC34A2
332,ENSG00000158104,origin,HPD
333,ENSG00000158315,weak K4,RHBDL2
334,ENSG00000158806,K27,NPM2
335,ENSG00000158815,origin,FGF17
336,ENSG00000158825,weak K4,CDA
337,ENSG00000158856,K4&K27&ATAC,DMTN
338,ENSG00000158859,weak K4,ADAMTS4
339,ENSG00000159182,K4&K27&ATAC,PRAC1
340,ENSG00000159184,K4&K27&ATAC,HOXB13
341,ENSG00000159248,K4&K27&ATAC,GJD2
342,ENSG00000159251,K4&ATAC,ACTC1
343,ENSG00000160117,K4&ATAC,ANKLE1
344,ENSG00000160200,origin,CBS
345,ENSG00000160201,origin,U2AF1
346,ENSG00000160221,origin,C21orf33
347,ENSG00000160223,origin,ICOSLG
348,ENSG00000160282,origin,FTCD
349,ENSG00000160716,weak K4,CHRNB2
350,ENSG00000160801,K27,PTH1R
351,ENSG00000161652,weak K4,IZUMO2
352,ENSG00000161921,K4&K27&ATAC,CXCL16
353,ENSG00000162039,origin,MEIOB
354,ENSG00000162241,ATAC,SLC25A45
355,ENSG00000162367,K4&K27,TAL1
356,ENSG00000162374,K4&K9&ATAC,ELAVL4
357,ENSG00000162460,origin,TMEM82
358,ENSG00000162511,origin,LAPTM5
359,ENSG00000162571,weak K4,TTLL10
360,ENSG00000162599,weak K4,NFIA
361,ENSG00000162620,ATAC,LRRIQ3
362,ENSG00000162623,K4&ATAC,TYW3
363,ENSG00000162733,origin,DDR2
364,ENSG00000162989,strong K4,KCNJ3
365,ENSG00000163017,origin,ACTG2
366,ENSG00000163092,origin,XIRP2
367,ENSG00000163285,strong K4,GABRG1
368,ENSG00000163359,origin,COL6A3
369,ENSG00000163421,ATAC,PROK2
370,ENSG00000163492,origin,CCDC141
371,ENSG00000163531,strong K4,NFASC
372,ENSG00000163638,weak K4,ADAMTS9
373,ENSG00000163661,K4&K27&ATAC,PTX3
374,ENSG00000163735,K4&K27&ATAC,CXCL5
375,ENSG00000163737,weak K4,PF4
376,ENSG00000163873,origin,GRIK3
377,ENSG00000163909,K4&K27&ATAC,HEYL
378,ENSG00000163959,origin,SLC51A
379,ENSG00000164093,K4&K27&ATAC,PITX2
380,ENSG00000164112,K4&K27,TMEM155
381,ENSG00000164120,ATAC,HPGD
382,ENSG00000164241,weak K4,C5orf63
383,ENSG00000164265,strong K4,SCGB3A2
384,ENSG00000164303,origin,ENPP6
385,ENSG00000164318,anti-ATAC,EGFLAM
386,ENSG00000164651,K4&K27&ATAC,SP8
387,ENSG00000164708,ATAC,PGAM2
388,ENSG00000164756,ATAC,SLC30A8
389,ENSG00000164855,ATAC,TMEM184A
390,ENSG00000165091,origin,TMC1
391,ENSG00000165118,ATAC,C9orf64
392,ENSG00000165140,anti-ATAC,FBP1
393,ENSG00000165171,anti-ATAC,METTL27
394,ENSG00000165379,ATAC,LRFN5
395,ENSG00000165462,K27,PHOX2A
396,ENSG00000165474,K27,GJB2
397,ENSG00000165617,K4&ATAC,DACT1
398,ENSG00000165623,ATAC,UCMA
399,ENSG00000165899,origin,OTOGL
400,ENSG00000165973,strong K4,NELL1
401,ENSG00000166183,K4&ATAC,ASPG
402,ENSG00000166415,K4&K9&ATAC,WDR72
403,ENSG00000166448,K4&K27&ATAC,TMEM130
404,ENSG00000166473,ATAC,PKD1L2
405,ENSG00000166510,ATAC,CCDC68
406,ENSG00000166573,strong K4,GALR1
407,ENSG00000166736,origin,HTR3A
408,ENSG00000166796,origin,LDHC
409,ENSG00000166823,K27,MESP1
410,ENSG00000166863,ATAC,TAC3
411,ENSG00000166869,weak K4,CHP2
412,ENSG00000167178,K4&K27&ATAC,ISLR2
413,ENSG00000167244,K4&K27,IGF2
414,ENSG00000167555,K4&K9&ATAC,ZNF528
415,ENSG00000167634,origin,NLRP7
416,ENSG00000167644,strong K4,C19orf33
417,ENSG00000167676,origin,PLIN4
418,ENSG00000167754,ATAC,KLK5
419,ENSG00000167755,origin,KLK6
420,ENSG00000167779,K4&K27,IGFBP6
421,ENSG00000167785,K4&K9&ATAC,ZNF558
422,ENSG00000167851,K4&ATAC,CD300A
423,ENSG00000167874,K27,TMEM88
424,ENSG00000167880,origin,EVPL
425,ENSG00000167895,origin,TMC8
426,ENSG00000168060,origin,NAALADL1
427,ENSG00000168309,origin,FAM107A
428,ENSG00000168398,K4&ATAC,BDKRB2
429,ENSG00000168404,K4&ATAC,MLKL
430,ENSG00000168447,origin,SCNN1B
431,ENSG00000168453,K27,HR
432,ENSG00000168481,anti-ATAC,LGI3
433,ENSG00000168505,K27,GBX2
434,ENSG00000168843,strong K4,FSTL5
435,ENSG00000168875,K4&K27,SOX14
436,ENSG00000169252,K27,ADRB2
437,ENSG00000169314,weak K4,C22orf15
438,ENSG00000169436,K4&K9&ATAC,COL22A1
439,ENSG00000169499,origin,PLEKHA2
440,ENSG00000169715,K4&K27&ATAC,MT1E
441,ENSG00000169856,K27,ONECUT1
442,ENSG00000169877,K4&K27&ATAC,AHSP
443,ENSG00000169946,origin,ZFPM2
444,ENSG00000170160,origin,CCDC144A
445,ENSG00000170373,K27,CST1
446,ENSG00000170439,ATAC,METTL7B
447,ENSG00000170542,strong K4,SERPINB9
448,ENSG00000170549,K4&K27&ATAC,IRX1
449,ENSG00000170561,K27,IRX2
450,ENSG00000170891,weak K4,CYTL1
451,ENSG00000170955,ATAC,CAVIN3
452,ENSG00000171246,origin,NPTX1
453,ENSG00000171291,K4&K9&ATAC,ZNF439
454,ENSG00000171522,K27,PTGER4
455,ENSG00000171533,anti-ATAC,MAP6
456,ENSG00000171551,K27,ECEL1
457,ENSG00000171724,K4&ATAC,VAT1L
458,ENSG00000171777,ATAC,RASGRP4
459,ENSG00000171794,K4&K27&ATAC,UTF1
460,ENSG00000171951,origin,SCG2
461,ENSG00000171954,K4&K9&ATAC,CYP4F22
462,ENSG00000172346,K4&ATAC,CSDC2
463,ENSG00000172403,strong K4,SYNPO2
464,ENSG00000172818,K4&K27,OVOL1
465,ENSG00000172935,K4&ATAC,MRGPRF
466,ENSG00000173210,origin,ABLIM3
467,ENSG00000173262,origin,SLC2A14
468,ENSG00000173404,K27,INSM1
469,ENSG00000173673,K27,HES3
470,ENSG00000173762,weak K4,CD7
471,ENSG00000174059,weak K4,CD34
472,ENSG00000174080,weak K4,CTSF
473,ENSG00000174343,weak K4,CHRNA9
474,ENSG00000174576,K27,NPAS4
475,ENSG00000174749,K4&ATAC,FAM241A
476,ENSG00000174776,origin,WDR49
477,ENSG00000174791,strong K4,RIN1
478,ENSG00000174963,K27,ZIC4
479,ENSG00000175077,origin,RTP1
480,ENSG00000175315,weak K4,CST6
481,ENSG00000175538,ATAC,KCNE3
482,ENSG00000175766,weak K4,EIF4E1B
483,ENSG00000176769,K4&K9&ATAC,TCERG1L
484,ENSG00000176842,strong K4,IRX5
485,ENSG00000176928,ATAC,GCNT4
486,ENSG00000177468,strong K4,OLIG3
487,ENSG00000177519,K4&K27,RPRM
488,ENSG00000177721,K4&K27,ANXA2R
489,ENSG00000178343,anti-ATAC,SHISA3
490,ENSG00000178394,K4&ATAC,HTR1A
491,ENSG00000178573,strong K4,MAF
492,ENSG00000179111,K4&K27,HES7
493,ENSG00000179344,strong K4,HLA-DQB1
494,ENSG00000179348,K27,GATA2
495,ENSG00000179528,K27,LBX2
496,ENSG00000179598,K4&ATAC,PLD6
497,ENSG00000179796,K4&K27,LRRC3B
498,ENSG00000179981,weak K4,TSHZ1
499,ENSG00000180209,origin,MYLPF
500,ENSG00000180318,weak K4,ALX1
501,ENSG00000180543,ATAC,TSPYL5
502,ENSG00000180574,origin,EIF2S3B
503,ENSG00000180660,K27,MAB21L1
504,ENSG00000180694,anti-ATAC,TMEM64
505,ENSG00000180767,K4&ATAC,CHST13
506,ENSG00000180787,ATAC,ZFP3
507,ENSG00000180871,ATAC,CXCR2
508,ENSG00000180938,K4&ATAC,ZNF572
509,ENSG00000181143,K4&K9&ATAC,MUC16
510,ENSG00000181195,K4&K27&ATAC,PENK
511,ENSG00000181234,strong K4,TMEM132C
512,ENSG00000181291,K27,TMEM132E
513,ENSG00000181333,ATAC,HEPHL1
514,ENSG00000181444,K27,ZNF467
515,ENSG00000182070,origin,OR52A1
516,ENSG00000182095,K4&K27&ATAC,TNRC18
517,ENSG00000182580,K27,EPHB3
518,ENSG00000182601,K4&ATAC,HS3ST4
519,ENSG00000182687,K27,GALR2
520,ENSG00000182700,origin,IGIP
521,ENSG00000182870,K4&K9&ATAC,GALNT9
522,ENSG00000182968,K4&K27,SOX1
523,ENSG00000182983,K4&K9&ATAC,ZNF662
524,ENSG00000183072,anti-ATAC,NKX2-5
525,ENSG00000183091,origin,NEB
526,ENSG00000183117,K4&K9&ATAC,CSMD1
527,ENSG00000183145,K4&K27,RIPPLY3
528,ENSG00000183153,K4&ATAC,GJD3
529,ENSG00000183323,ATAC,CCDC125
530,ENSG00000183439,K4&ATAC,TRIM61
531,ENSG00000183486,K4&ATAC,MX2
532,ENSG00000183722,ATAC,LHFPL6
533,ENSG00000183760,strong K4,ACP7
534,ENSG00000183807,K27,FAM162B
535,ENSG00000183840,ATAC,GPR39
536,ENSG00000183908,weak K4,LRRC55
537,ENSG00000184058,K27,TBX1
538,ENSG00000184144,K4&ATAC,CNTN2
539,ENSG00000184221,K4&K27,OLIG1
540,ENSG00000184232,K27,OAF
541,ENSG00000184302,K4&K27,SIX6
542,ENSG00000184363,weak K4,PKP3
543,ENSG00000184470,K4&ATAC,TXNRD2
544,ENSG00000184588,strong K4,PDE4B
545,ENSG00000184702,K27,SEPTIN5
546,ENSG00000184709,K27,LRRC26
547,ENSG00000184838,weak K4,PRR16
548,ENSG00000184860,weak K4,SDR42E1
549,ENSG00000184985,weak K4,SORCS2
550,ENSG00000184986,K4&K9&ATAC,TMEM121
551,ENSG00000185101,weak K4,ANO9
552,ENSG00000185129,K4&K27,PURA
553,ENSG00000185201,weak K4,IFITM2
554,ENSG00000185269,anti-ATAC,NOTUM
555,ENSG00000185304,weak K4,RGPD2
556,ENSG00000185437,anti-ATAC,SH3BGR
557,ENSG00000185610,anti-ATAC,DBX2
558,ENSG00000185737,K4&ATAC,NRG3
559,ENSG00000185924,K27,RTN4RL1
560,ENSG00000186439,K4&ATAC,TRDN
561,ENSG00000186451,ATAC,SPATA12
562,ENSG00000186487,origin,MYT1L
563,ENSG00000186517,origin,ARHGAP30
564,ENSG00000186867,ATAC,QRFPR
565,ENSG00000186891,K4&ATAC,TNFRSF18
566,ENSG00000186897,K27,C1QL4
567,ENSG00000187094,ATAC,CCK
568,ENSG00000187135,strong K4,VSTM2B
569,ENSG00000187323,ATAC,DCC
570,ENSG00000187513,origin,GJA4
571,ENSG00000187569,origin,DPPA3
572,ENSG00000187634,K27,SAMD11
573,ENSG00000187688,ATAC,TRPV2
574,ENSG00000187715,origin,KBTBD12
575,ENSG00000187775,origin,DNAH17
576,ENSG00000188064,K27,WNT7B
577,ENSG00000188219,origin,POTEE
578,ENSG00000188389,ATAC,PDCD1
579,ENSG00000188483,K4&K27&ATAC,IER5L
580,ENSG00000188674,origin,C2orf80
581,ENSG00000188730,ATAC,VWC2
582,ENSG00000188770,origin,OPTC
583,ENSG00000188783,weak K4,PRELP
584,ENSG00000188803,K4&K9&ATAC,SHISA6
585,ENSG00000188816,K4&K27,HMX2
586,ENSG00000188897,ATAC,AC099489.1
587,ENSG00000189067,K4&K27&ATAC,LITAF
588,ENSG00000189127,K4&K27&ATAC,ANKRD34B
589,ENSG00000189280,ATAC,GJB5
590,ENSG00000189334,ATAC,S100A14
591,ENSG00000196090,strong K4,PTPRT
592,ENSG00000196092,K4&K27&ATAC,PAX5
593,ENSG00000196126,weak K4,HLA-DRB1
594,ENSG00000196263,K4&K9&ATAC,ZNF471
595,ENSG00000196431,origin,CRYBA4
596,ENSG00000196436,origin,NPIPB15
597,ENSG00000196460,anti-ATAC,RFX8
598,ENSG00000196581,weak K4,AJAP1
599,ENSG00000196604,K4&ATAC,POTEF
600,ENSG00000196684,origin,HSH2D
601,ENSG00000196867,K4&ATAC,ZFP28
602,ENSG00000196878,ATAC,LAMB3
603,ENSG00000197044,weak K4,ZNF441
604,ENSG00000197177,origin,ADGRA1
605,ENSG00000197181,K4&ATAC,PIWIL2
606,ENSG00000197380,K4&K27&ATAC,DACT3
607,ENSG00000197408,origin,CYP2B6
608,ENSG00000197410,ATAC,DCHS2
609,ENSG00000197471,origin,SPN
610,ENSG00000197587,K4&K27,DMBX1
611,ENSG00000197721,anti-ATAC,CR1L
612,ENSG00000197859,K4&ATAC,ADAMTSL2
613,ENSG00000198028,K4&ATAC,ZNF560
614,ENSG00000198046,K4&ATAC,ZNF667
615,ENSG00000198049,ATAC,AVPR1B
616,ENSG00000198108,origin,CHSY3
617,ENSG00000198113,K4&ATAC,TOR4A
618,ENSG00000198125,ATAC,MB
619,ENSG00000198203,ATAC,SULT1C2
620,ENSG00000198417,K4&K27&ATAC,MT1F
621,ENSG00000198597,origin,ZNF536
622,ENSG00000198719,K27,DLL1
623,ENSG00000198732,ATAC,SMOC1
624,ENSG00000198754,weak K4,OXCT2
625,ENSG00000198797,weak K4,BRINP2
626,ENSG00000198835,origin,GJC2
627,ENSG00000198865,K4&ATAC,CCDC152
628,ENSG00000203883,K27,SOX18
629,ENSG00000204103,K4&K27,MAFB
630,ENSG00000204347,K4&K27&ATAC,BTBD17
631,ENSG00000204472,origin,AIF1
632,ENSG00000204618,K4&K27&ATAC,RNF39
633,ENSG00000204632,weak K4,HLA-G
634,ENSG00000204644,weak K4,ZFP57
635,ENSG00000204711,strong K4,C9orf135
636,ENSG00000204851,K27,PNMA8B
637,ENSG00000204882,ATAC,GPR20
638,ENSG00000204936,origin,CD177
639,ENSG00000204963,strong K4,PCDHA7
640,ENSG00000204965,strong K4,PCDHA5
641,ENSG00000205358,K4&K27&ATAC,MT1H
642,ENSG00000205927,strong K4,OLIG2
643,ENSG00000206052,K4&ATAC,DOK6
644,ENSG00000206073,origin,SERPINB4
645,ENSG00000211751,origin,TRBC1
646,ENSG00000213214,origin,ARHGEF35
647,ENSG00000213967,K4&ATAC,ZNF726
648,ENSG00000214376,K4&ATAC,VSTM5
649,ENSG00000214575,ATAC,CPEB1
650,ENSG00000214688,ATAC,C10orf105
651,ENSG00000215474,K4&K27&ATAC,SKOR2
652,ENSG00000215612,K4&K27,HMX1
653,ENSG00000220008,K27,LINGO3
654,ENSG00000221818,K4&K27&ATAC,EBF2
655,ENSG00000221963,origin,APOL6
656,ENSG00000223658,weak K4,C1GALT1C1L
657,ENSG00000223865,ATAC,HLA-DPB1
658,ENSG00000227124,weak K4,ZNF717
659,ENSG00000228278,origin,ORM2
660,ENSG00000228696,origin,ARL17B
661,ENSG00000229637,K4&K27&ATAC,PRAC2
662,ENSG00000231389,weak K4,HLA-DPA1
663,ENSG00000233056,weak K4,ERVH48-1
664,ENSG00000233608,ATAC,TWIST2
665,ENSG00000234444,K4&ATAC,ZNF736
666,ENSG00000239389,weak K4,PCDHA13
667,ENSG00000239713,origin,APOBEC3G
668,ENSG00000240065,K4&K27&ATAC,PSMB9
669,ENSG00000240204,ATAC,SMKR1
670,ENSG00000240771,strong K4,ARHGEF25
671,ENSG00000241945,origin,PWP2
672,ENSG00000242419,K4&K27&ATAC,PCDHGC4
673,ENSG00000242574,ATAC,HLA-DMB
674,ENSG00000243566,ATAC,UPK3B
675,ENSG00000243709,ATAC,LEFTY1
676,ENSG00000249158,strong K4,PCDHA11
677,ENSG00000250709,ATAC,CCDC169-SOHLH2
678,ENSG00000251493,K4&K27,FOXD1
679,ENSG00000253626,origin,EIF5AL1
680,ENSG00000253831,origin,ETV3L
681,ENSG00000253846,K4&ATAC,PCDHGA10
682,ENSG00000253873,weak K4,PCDHGA11
683,ENSG00000254245,origin,PCDHGA3
684,ENSG00000255192,origin,NANOGP8
685,ENSG00000255408,weak K4,PCDHA3
686,ENSG00000256453,weak K4,DND1
687,ENSG00000258417,K4&ATAC,AC100868.1
688,ENSG00000263513,origin,FAM72C
689,ENSG00000265107,origin,GJA5
690,ENSG00000265972,strong K4,TXNIP
691,ENSG00000266074,K4&K27&ATAC,BAHCC1
692,ENSG00000267909,K4&K27&ATAC,CCDC177
693,ENSG00000268964,K4&K9&ATAC,ERVV-2
694,ENSG00000269404,K4&ATAC,SPIB
695,ENSG00000271079,origin,CTAGE15
696,ENSG00000272674,weak K4,PCDHB16
697,ENSG00000273604,K4&K27,EPOP
698,ENSG00000273706,strong K4,LHX1
699,ENSG00000274276,origin,CBSL
700,ENSG00000275023,K4&K27&ATAC,MLLT6
701,ENSG00000275395,origin,FCGBP
702,ENSG00000275895,origin,U2AF1L5
703,ENSG00000277117,origin,FP565260.3
704,ENSG00000277734,ATAC,TRAC
705,ENSG00000278318,K4&ATAC,ZNF229
706,ENSG00000278558,K4&ATAC,TMEM191B
707,ENSG00000278662,origin,GOLGA6L10
708,ENSG00000279656,origin,AL132780.4
709,ENSG00000279692,K4&K27&ATAC,AC110285.7
710,ENSG00000280143,ATAC,AP000892.3
711,ENSG00000283632,weak K4,EXOC3L2
